103
65
65
65
65
65
66
110
80
89
44
48
97
35
101
110
32
115
61
103
116
32
97
32
40
110
116
105
40
114
44
106
39
114
120
32
49
112
44
32
32
110
10
44
108
32
116
61
32
32
105
54
116
41
50
40
39
115
105
102
32
105
61
97
61
32
10
105
110
32
32
46
110
95
117
32
100
105
115
105
32
41
40
32
110
32
10
32
101
10
84
81
122
84
108
115
81
107
105
45
32
104
32
97
116
54
101
109
32
113
109
100
119
32
110
10
32
49
61
110
40
93
32
114
103
40
32
32
112
111
10
32
40
10
116
105
115
98
47
58
40
10
32
115
10
104
32
114
102
32
106
32
32
10
48
112
97
32
32
77
105
110
95
61
10
32
121
102
32
10
116
32
99
119
32
32
61
32
103
61
56
85
72
52
99
97
100
121
45
75
32
32
114
109
101
61
32
32
105
120
117
105
114
112
103
120
91
41
32
80
97
105
40
32
61
104
10
93
10
32
121
114
112
104
102
101
98
105
10
93
32
40
39
97
97
41
108
41
111
32
35
40
35
32
10
32
102
32
32
114
109
110
116
114
100
40
40
40
46
110
119
41
32
110
32
110
40
32
32
10
65
110
119
83
114
67
105
70
122
99
114
32
32
32
114
41
32
93
32
114
117
116
104
61
35
109
112
49
114
35
98
58
101
117
91
32
32
10
120
101
32
117
100
112
41
32
32
32
101
111
101
32
32
112
32
119
32
32
121
114
110
40
32
112
100
111
10
32
49
61
58
32
110
114
112
100
44
114
111
109
105
120
105
32
32
117
97
110
10
116
108
67
101
113
49
68
77
75
78
102
32
41
39
116
32
44
103
110
65
45
32
32
110
32
101
58
44
117
95
102
117
110
97
10
97
44
109
35
61
108
32
32
108
40
32
32
10
32
32
110
32
112
104
117
32
49
48
32
105
10
32
32
116
114
39
32
32
103
32
95
114
115
114
115
97
114
32
32
93
116
48
46
32
32
114
110
61
32
40
10
49
98
106
115
45
53
85
54
117
45
103
61
48
115
105
101
32
114
110
49
32
32
101
117
105
111
114
61
10
109
109
32
112
32
101
35
44
108
105
108
32
40
32
110
32
32
46
61
108
102
32
46
61
110
114
117
10
110
114
97
120
121
32
32
108
61
112
32
61
10
61
32
32
32
110
32
82
49
32
97
105
10
40
61
116
105
115
104
116
105
48
72
65
109
98
102
110
72
66
122
32
32
114
32
116
110
32
32
116
61
45
32
32
32
44
77
105
41
105
41
109
10
40
112
32
109
120
116
61
114
109
103
120
120
32
114
40
98
114
32
108
104
32
116
32
101
32
32
32
61
41
108
41
100
32
97
114
61
10
116
114
10
60
44
32
44
82
115
111
49
95
32
61
111
32
109
49
109
82
109
89
89
116
67
65
65
104
81
65
97
97
120
105
114
104
112
32
32
114
105
32
32
32
116
97
114
97
102
97
32
105
32
10
114
32
32
100
100
32
32
105
104
10
40
10
44
61
102
116
41
97
61
32
61
110
43
32
120
100
101
115
100
40
101
41
32
105
97
101
101
112
116
69
32
108
39
46
109
101
100
40
32
107
61
95
105
114
58
109
105
67
99
115
99
114
75
76
104
45
66
102
114
32
110
107
32
112
32
97
32
61
10
43
114
61
112
32
32
114
32
32
110
32
108
32
97
93
41
10
32
115
101
114
108
44
97
101
114
110
112
97
32
32
32
111
32
101
32
110
32
69
114
101
101
58
10
41
112
104
116
32
109
110
97
60
83
32
116
110
47
110
45
114
32
105
104
110
102
41
35
88
108
52
95
49
110
104
56
54
89
120
32
10
116
32
112
103
32
32
112
108
105
99
108
32
78
104
32
32
114
32
98
97
41
114
32
112
32
114
97
117
32
39
98
41
112
97
41
32
10
97
10
32
101
116
105
32
32
41
10
32
114
32
58
62
32
32
120
105
116
40
97
115
32
32
46
32
104
32
114
32
121
32
101
114
32
103
97
32
102
104
77
111
48
69
83
107
109
98
69
35
112
48
109
101
100
32
110
110
32
32
32
10
32
112
32
49
32
44
10
101
110
116
110
32
114
95
121
107
101
108
10
101
101
41
32
39
48
32
10
61
105
10
101
105
32
39
32
110
102
32
105
101
116
111
32
105
32
100
115
101
32
32
105
32
103
110
110
105
110
32
61
40
105
10
101
98
101
73
97
87
45
72
109
74
56
106
67
73
101
44
101
32
116
49
32
97
114
39
32
100
114
109
32
120
105
42
32
112
32
32
32
32
40
32
114
97
116
10
32
32
32
10
40
103
101
61
32
110
44
40
32
105
65
112
61
105
32
110
32
32
112
101
105
32
61
111
110
32
97
32
97
41
41
101
32
61
118
101
32
40
46
95
32
61
61
116
105
91
39
110
48
57
111
80
56
55
110
80
52
32
32
32
108
32
108
114
32
97
101
95
101
62
105
97
102
104
32
115
110
116
115
32
32
61
32
109
10
83
111
61
58
32
104
32
115
114
115
102
110
32
41
60
104
97
40
105
106
97
58
32
110
35
97
101
105
97
49
32
32
110
101
40
110
114
101
111
32
41
58
48
40
97
40
32
97
114
39
116
32
78
50
53
76
114
70
50
72
95
115
114
35
41
114
58
105
101
61
32
100
105
44
32
121
32
116
104
105
116
61
109
112
32
42
32
40
116
58
10
116
32
41
32
120
41
73
32
61
80
105
116
110
48
10
110
10
41
32
98
10
112
32
58
121
100
32
32
110
116
44
115
32
32
10
32
116
114
120
97
97
97
121
121
114
101
41
32
32
32
110
110
121
49
121
107
54
45
87
122
66
47
32
48
113
105
61
10
32
61
32
110
116
32
103
47
32
10
32
119
49
32
114
61
32
48
110
110
32
49
32
32
35
61
110
95
32
10
32
45
114
97
102
105
83
103
61
32
116
41
121
32
44
58
35
101
32
32
32
100
97
111
61
116
110
41
111
103
32
104
115
48
10
32
48
32
32
32
10
61
32
45
100
116
77
67
78
115
122
71
50
97
44
101
114
10
110
97
101
61
114
105
60
32
111
109
116
100
43
115
32
114
32
32
32
95
91
61
111
32
110
42
61
41
61
41
101
95
91
40
110
110
104
109
114
32
116
46
32
110
110
32
32
40
110
100
32
105
80
35
114
104
104
61
32
32
61
91
112
41
32
40
116
111
32
32
105
114
114
48
111
81
112
56
77
121
67
78
52
48
79
60
58
32
32
103
32
115
32
110
95
32
98
46
32
100
32
104
10
49
32
110
32
32
100
100
121
32
32
49
40
110
32
114
110
114
10
97
105
109
108
97
115
114
114
32
103
10
48
116
32
61
97
32
32
112
40
110
32
97
61
10
93
32
110
32
61
110
105
101
101
104
32
114
32
102
58
32
65
35
98
45
71
79
119
75
107
112
105
87
118
101
103
48
91
62
110
83
61
65
116
32
32
101
111
32
114
111
100
32
91
61
112
40
114
10
115
116
110
10
58
32
97
80
32
117
61
61
10
119
32
80
32
41
114
109
119
98
10
77
41
104
10
97
104
102
32
111
115
100
97
32
32
32
114
32
97
97
41
98
116
32
32
41
32
61
32
32
61
104
103
122
120
86
113
98
120
78
71
66
106
61
41
48
32
108
101
115
32
102
47
112
58
42
114
112
32
44
121
48
32
61
32
99
32
32
32
116
32
116
102
105
113
35
42
32
32
61
114
32
91
93
105
32
95
32
105
41
102
32
32
116
97
32
110
115
116
32
46
114
46
32
97
32
108
120
61
97
103
112
114
80
10
49
10
61
114
120
32
105
97
76
66
69
90
99
117
121
111
52
54
116
32
114
115
93
32
48
32
102
41
39
114
112
120
41
32
10
120
32
32
98
109
102
93
32
32
32
32
40
116
39
105
116
97
110
97
97
115
117
32
111
117
117
99
39
105
105
32
108
32
39
102
110
105
98
43
32
108
121
32
105
91
61
114
32
32
32
44
10
32
61
10
116
39
32
32
114
95
115
61
113
117
112
55
76
112
71
84
66
72
58
114
49
32
61
121
32
115
91
114
32
40
32
111
41
32
99
114
98
82
108
32
61
97
32
58
112
101
97
97
120
105
111
61
104
48
32
110
40
97
41
112
61
102
32
91
121
91
97
10
119
32
111
32
110
101
61
112
110
10
32
58
43
110
109
32
108
115
39
91
105
48
32
44
32
32
61
32
110
10
88
111
49
100
66
111
106
69
107
45
97
32
48
32
32
101
32
111
121
104
101
61
61
105
101
110
112
101
45
10
32
32
32
116
114
108
32
32
114
49
116
117
114
10
32
32
32
93
61
111
32
32
32
110
105
32
116
114
104
32
103
61
41
32
114
10
111
105
61
97
105
108
10
32
116
114
32
111
93
105
114
32
61
61
32
32
110
10
41
10
121
109
119
115
83
69
103
69
50
106
116
32
112
115
105
114
32
80
10
51
10
110
32
112
115
103
114
61
105
32
32
110
32
32
41
32
104
101
32
32
116
10
110
102
101
32
40
32
108
32
40
32
115
10
32
40
58
32
108
32
91
49
113
105
116
114
114
116
41
41
43
32
120
44
35
40
108
93
111
110
105
32
32
97
32
61
105
109
40
32
108
66
56
52
108
71
54
87
86
100
101
105
50
103
10
10
32
61
48
112
100
32
32
97
101
61
10
40
105
32
32
110
10
10
32
32
103
114
102
32
32
61
110
32
32
44
58
32
32
49
32
108
114
97
32
108
40
49
113
104
114
10
58
119
32
111
10
99
101
10
60
10
91
101
114
10
109
32
10
32
32
97
91
114
61
32
32
32
32
111
115
69
83
52
70
79
73
106
66
115
117
32
39
120
32
32
44
32
108
101
110
102
116
10
53
32
32
110
114
105
104
32
32
44
114
110
32
39
97
44
112
105
41
116
35
105
41
111
110
49
116
116
41
98
109
95
95
32
97
32
114
32
10
80
32
32
61
61
41
120
114
110
32
32
111
108
110
84
32
32
105
32
61
114
115
32
32
97
32
32
79
99
108
100
122
49
73
81
48
104
114
105
35
112
32
32
102
10
41
32
116
32
110
32
61
116
32
32
105
109
32
32
108
32
112
32
105
61
119
32
108
32
111
114
105
104
110
105
32
114
32
61
105
61
95
98
112
10
61
32
110
110
110
32
32
32
120
61
41
32
103
32
80
32
105
110
110
32
32
105
41
105
109
41
32
49
110
108
116
32
71
98
66
110
48
73
68
48
104
78
44
32
121
40
40
108
97
61
32
60
117
101
111
111
116
32
32
114
32
32
32
61
32
35
97
80
32
32
32
102
114
32
101
103
115
40
61
114
102
40
112
93
112
114
114
32
114
93
32
108
32
44
104
44
93
60
109
32
32
32
114
103
32
114
41
117
32
114
32
112
32
97
114
115
10
32
32
32
32
32
117
108
115
118
113
120
57
76
65
68
10
97
111
41
114
101
112
91
116
101
32
58
115
32
108
114
108
114
114
114
114
32
41
61
113
114
104
61
46
10
104
108
98
35
32
40
95
49
109
114
10
91
44
108
61
112
105
114
48
108
32
103
102
102
105
61
120
67
46
105
32
105
114
105
32
32
32
103
114
109
102
10
32
32
101
110
91
32
95
45
51
102
90
69
95
53
80
111
83
103
101
32
69
32
32
112
93
101
98
98
32
40
43
101
104
32
95
105
91
101
41
116
39
107
40
101
32
111
116
49
40
80
43
111
41
61
32
98
32
32
105
108
61
32
49
111
41
110
40
40
114
121
114
110
10
105
102
41
32
97
41
103
61
32
32
32
97
61
32
97
103
41
32
44
48
112
105
114
97
110
51
72
77
104
67
112
110
104
108
69
40
114
10
105
116
114
44
120
100
102
120
121
101
32
32
114
105
114
117
32
32
32
114
32
10
101
10
110
32
99
101
32
97
105
44
32
40
104
117
62
97
40
32
32
110
40
117
101
44
110
98
110
95
49
44
44
41
32
120
32
32
115
111
32
95
32
44
116
32
114
114
32
97
43
101
103
10
97
32
61
89
56
75
55
78
77
78
53
48
50
40
32
116
97
60
32
114
108
116
32
32
32
110
32
120
116
97
32
97
120
114
77
119
58
101
109
32
32
61
10
121
104
32
116
115
32
49
32
109
61
49
32
32
119
44
97
102
32
42
32
116
45
32
48
101
32
10
32
121
105
114
32
62
32
46
32
105
32
41
91
46
61
32
110
32
32
32
120
41
49
119
61
